39.55 116.24
26.05 119.18
25.58 119.31
27.06 119.39
25.42 119.23
27.03 118.2  
27.21 118.07的
24.49 118.35
24.26 117.48
25.06 117.01
24.57 118.23
26.38 118.1，
26.39 119.31
24.26 119.01
24.56 118.36
26.13 117.36
27.2 117.29
24.44 118.38
24.27 118.06
25.58 117.23
25.17 117.24
24.31 117.39
36.04 103.51
36.33 104.12
40.08 94.41
38.28 102.1
39.44 98.31
35.37 103.12
35.32 106.4
34.37 105.42
37.56 102.39
35.45 107.4
39.49 97.35
38.56 100.26
23.08 113.14
23.16 116.36
23.4 116.38
23.28 116.46
23.33 113.33
23.02 113.45
